name = sign
slope =    7.4833e-18
slope =    9.0398e-15
slope =   -3.3881e-12
errvh =

    0.750000    0.974359    1.550239   11.479265
    0.562500    0.974359    1.550239   11.479265
    0.421875    0.974359    1.550239   11.479265
    0.316406    0.974359    1.550239   11.479265
    0.237305    0.974359    1.550239   11.479265
    0.177979    0.974359    1.550239   11.479265
    0.133484    0.974359    1.550239   11.479265
    0.100113    0.974359    1.550239   11.479265
    0.075085    0.974359    1.550239   11.479265
    0.056314    0.974359    1.550239   11.479265
    0.042235    0.974359    1.550239   11.479265
    0.031676    0.974359    1.550239   11.479265
    0.023757    0.974359    1.550239   11.479265
    0.017818    0.974359    1.550239   11.479265
    0.013363    0.974359    1.550239   11.479265
    0.010023    0.974359    1.550239   11.479265

